ds	cus	yes	veh	drv	model     	tlim	Sec	Obj	Var
AA	5	1	1	1	DARP_Driver1	5	0.01	612045	32
AA	5	1	1	1	DARP_Driver2	5	0.006	612045	28
AA	5	1	1	1	DARP_Driver1	10	0.007	612045	32
AA	5	1	1	1	DARP_Driver2	10	0.006	612045	28
AA	5	1	1	1	DARP_Driver1	30	0.007	612045	32
AA	5	1	1	1	DARP_Driver2	30	0.006	612045	28
AA	10	2	1	1	DARP_Driver1	5	5.002	630631	60
AA	10	2	1	1	DARP_Driver2	5	5.006	630631	52
AA	10	2	1	1	DARP_Driver1	10	10.006	630631	60
AA	10	2	1	1	DARP_Driver2	10	10.006	630631	52
AA	10	2	1	1	DARP_Driver1	30	30.006	630631	60
AA	10	2	1	1	DARP_Driver2	30	30.003	630631	52
AA	15	3	2	1	DARP_Driver1	5	5.003	612045	144
AA	15	3	2	1	DARP_Driver2	5	5.01	612045	123
AA	15	3	2	1	DARP_Driver1	10	10.014	612045	144
AA	15	3	2	1	DARP_Driver2	10	10.005	612045	123
AA	15	3	2	1	DARP_Driver1	30	30.017	612045	144
AA	15	3	2	1	DARP_Driver2	30	30.01	612045	123
AA	20	4	2	1	DARP_Driver1	5	5.017	845017	188
AA	20	4	2	1	DARP_Driver2	5	5.014	622452	161
AA	20	4	2	1	DARP_Driver1	10	10.016	845017	188
AA	20	4	2	1	DARP_Driver2	10	10.01	622452	161
AA	20	4	2	1	DARP_Driver1	30	30.012	622452	188
AA	20	4	2	1	DARP_Driver2	30	30.015	622452	161
AA	25	5	2	1	DARP_Driver1	5	5.014	638540	232
AA	25	5	2	1	DARP_Driver2	5	5.001	651363	199
AA	25	5	2	1	DARP_Driver1	10	10.008	638540	232
AA	25	5	2	1	DARP_Driver2	10	10.013	638540	199
AA	25	5	2	1	DARP_Driver1	30	30.012	638540	232
AA	25	5	2	1	DARP_Driver2	30	30.011	638540	199
AA	30	6	3	2	DARP_Driver1	5	5.013	645716	402
AA	30	6	3	2	DARP_Driver2	5	5.032	645716	350
AA	30	6	3	2	DARP_Driver1	10	10.006	645716	402
AA	30	6	3	2	DARP_Driver2	10	10.017	645716	350
AA	30	6	3	2	DARP_Driver1	30	30.024	645716	402
AA	30	6	3	2	DARP_Driver2	30	30.003	619565	350
AA	35	7	3	2	DARP_Driver1	5	5.036	645716	465
AA	35	7	3	2	DARP_Driver2	5	5.032	645716	409
AA	35	7	3	2	DARP_Driver1	10	10.03	645716	465
AA	35	7	3	2	DARP_Driver2	10	10.032	645716	409
AA	35	7	3	2	DARP_Driver1	30	30.022	645716	465
AA	35	7	3	2	DARP_Driver2	30	30.023	645716	409
AA	40	8	3	2	DARP_Driver1	5	5.014	673894	528
AA	40	8	3	2	DARP_Driver2	5	5.007	668327	460
AA	40	8	3	2	DARP_Driver1	10	10.028	666642	528
AA	40	8	3	2	DARP_Driver2	10	10.034	668327	460
AA	40	8	3	2	DARP_Driver1	30	30.023	658163	528
AA	40	8	3	2	DARP_Driver2	30	30.021	668327	460
AA	45	9	3	2	DARP_Driver1	5	5.01	672218	591
AA	45	9	3	2	DARP_Driver2	5	5.029	668327	511
AA	45	9	3	2	DARP_Driver1	10	10.02	672218	591
AA	45	9	3	2	DARP_Driver2	10	10.028	668327	511
AA	45	9	3	2	DARP_Driver1	30	30.032	668327	591
AA	45	9	3	2	DARP_Driver2	30	30.006	668327	511
AA	50	10	4	2	DARP_Driver1	5	5.043	677402	840
AA	50	10	4	2	DARP_Driver2	5	5.027	653964	740
AA	50	10	4	2	DARP_Driver1	10	10.036	647926	840
AA	50	10	4	2	DARP_Driver2	10	10.047	645716	740
AA	50	10	4	2	DARP_Driver1	30	30.025	645716	840
AA	50	10	4	2	DARP_Driver2	30	30.014	645716	740
AA	55	11	4	2	DARP_Driver1	5	5.026	1638210	920
AA	55	11	4	2	DARP_Driver2	5	5.006	653964	800
AA	55	11	4	2	DARP_Driver1	10	10.002	659896	920
AA	55	11	4	2	DARP_Driver2	10	10.056	653964	800
AA	55	11	4	2	DARP_Driver1	30	30.014	648204	920
AA	55	11	4	2	DARP_Driver2	30	30.055	653964	800
AA	60	12	4	2	DARP_Driver1	5	5.027	2150124	1000
AA	60	12	4	2	DARP_Driver2	5	5.051	728824	870
AA	60	12	4	2	DARP_Driver1	10	10.018	668812	1000
AA	60	12	4	2	DARP_Driver2	10	10.02	695271	870
AA	60	12	4	2	DARP_Driver1	30	30.007	645716	1000
AA	60	12	4	2	DARP_Driver2	30	30.062	647977	870
AA	65	13	4	2	DARP_Driver1	5	5.038	2259609	1080
AA	65	13	4	2	DARP_Driver2	5	5.051	1233473	935
AA	65	13	4	2	DARP_Driver1	10	10.071	2259609	1080
AA	65	13	4	2	DARP_Driver2	10	10.025	768933	935
AA	65	13	4	2	DARP_Driver1	30	30.195	678905	1080
AA	65	13	4	2	DARP_Driver2	30	30.055	650554	935
AA	70	14	4	2	DARP_Driver1	5	5.056	2315613	1160
AA	70	14	4	2	DARP_Driver2	5	5.007	2315613	1015
AA	70	14	4	2	DARP_Driver1	10	10.002	2315613	1160
AA	70	14	4	2	DARP_Driver2	10	10.005	766837	1015
AA	70	14	4	2	DARP_Driver1	30	30.03	694747	1160
AA	70	14	4	2	DARP_Driver2	30	30.029	681100	1015
AA	75	15	5	3	DARP_Driver1	5	5.053	2485145	1590
AA	75	15	5	3	DARP_Driver2	5	5.026	1729194	1404
AA	75	15	5	3	DARP_Driver1	10	10.015	1088223	1590
AA	75	15	5	3	DARP_Driver2	10	10.057	668967	1404
AA	75	15	5	3	DARP_Driver1	30	30.045	657960	1590
AA	75	15	5	3	DARP_Driver2	30	30.062	654174	1404
BB	5	1	1	1	DARP_Driver1	5	0.008	559686	32
BB	5	1	1	1	DARP_Driver2	5	0.007	559686	28
BB	5	1	1	1	DARP_Driver1	10	0.008	559686	32
BB	5	1	1	1	DARP_Driver2	10	0.008	559686	28
BB	5	1	1	1	DARP_Driver1	30	0.008	559686	32
BB	5	1	1	1	DARP_Driver2	30	0.008	559686	28
BB	10	2	1	1	DARP_Driver1	5	5	671436	60
BB	10	2	1	1	DARP_Driver2	5	5.005	595244	52
BB	10	2	1	1	DARP_Driver1	10	10.005	631919	60
BB	10	2	1	1	DARP_Driver2	10	10.006	595244	52
BB	10	2	1	1	DARP_Driver1	30	30.003	595244	60
BB	10	2	1	1	DARP_Driver2	30	30.008	595244	52
BB	15	3	2	1	DARP_Driver1	5	5.007	nfs	144
BB	15	3	2	1	DARP_Driver2	5	1.657	559686	126
BB	15	3	2	1	DARP_Driver1	10	10.013	nfs	144
BB	15	3	2	1	DARP_Driver2	10	1.652	559686	126
BB	15	3	2	1	DARP_Driver1	30	30.015	nfs	144
BB	15	3	2	1	DARP_Driver2	30	1.652	559686	126
BB	20	4	2	1	DARP_Driver1	5	1.016	559686	188
BB	20	4	2	1	DARP_Driver2	5	0.366	559686	158
BB	20	4	2	1	DARP_Driver1	10	1.061	559686	188
BB	20	4	2	1	DARP_Driver2	10	0.374	559686	158
BB	20	4	2	1	DARP_Driver1	30	1.047	559686	188
BB	20	4	2	1	DARP_Driver2	30	0.368	559686	158
BB	25	5	2	1	DARP_Driver1	5	1.378	559686	232
BB	25	5	2	1	DARP_Driver2	5	5.02	566815	196
BB	25	5	2	1	DARP_Driver1	10	1.404	559686	232
BB	25	5	2	1	DARP_Driver2	10	10.02	566815	196
BB	25	5	2	1	DARP_Driver1	30	1.42	559686	232
BB	25	5	2	1	DARP_Driver2	30	25.54	559686	196
BB	30	6	3	2	DARP_Driver1	5	1.529	584945	402
BB	30	6	3	2	DARP_Driver2	5	0.753	584945	346
BB	30	6	3	2	DARP_Driver1	10	1.493	584945	402
BB	30	6	3	2	DARP_Driver2	10	0.747	584945	346
BB	30	6	3	2	DARP_Driver1	30	1.471	584945	402
BB	30	6	3	2	DARP_Driver2	30	0.776	584945	346
BB	35	7	3	2	DARP_Driver1	5	1.149	584945	465
BB	35	7	3	2	DARP_Driver2	5	1.437	584945	397
BB	35	7	3	2	DARP_Driver1	10	1.16	584945	465
BB	35	7	3	2	DARP_Driver2	10	1.466	584945	397
BB	35	7	3	2	DARP_Driver1	30	1.175	584945	465
BB	35	7	3	2	DARP_Driver2	30	1.442	584945	397
BB	40	8	3	2	DARP_Driver1	5	2.2	584945	528
BB	40	8	3	2	DARP_Driver2	5	2.724	584945	460
BB	40	8	3	2	DARP_Driver1	10	2.227	584945	528
BB	40	8	3	2	DARP_Driver2	10	2.779	584945	460
BB	40	8	3	2	DARP_Driver1	30	2.244	584945	528
BB	40	8	3	2	DARP_Driver2	30	2.675	584945	460
BB	45	9	4	2	DARP_Driver1	5	5.02	642684	760
BB	45	9	4	2	DARP_Driver2	5	3.116	584945	675
BB	45	9	4	2	DARP_Driver1	10	6.994	584945	760
BB	45	9	4	2	DARP_Driver2	10	3.065	584945	675
BB	45	9	4	2	DARP_Driver1	30	6.918	584945	760
BB	45	9	4	2	DARP_Driver2	30	3.182	584945	675
BB	50	10	4	2	DARP_Driver1	5	5.017	696212	840
BB	50	10	4	2	DARP_Driver2	5	4.324	584945	745
BB	50	10	4	2	DARP_Driver1	10	5.541	584945	840
BB	50	10	4	2	DARP_Driver2	10	4.372	584945	745
BB	50	10	4	2	DARP_Driver1	30	5.585	584945	840
BB	50	10	4	2	DARP_Driver2	30	4.346	584945	745
BB	55	11	4	2	DARP_Driver1	5	5.054	1989310	920
BB	55	11	4	2	DARP_Driver2	5	5.034	625821	810
BB	55	11	4	2	DARP_Driver1	10	10.028	593955	920
BB	55	11	4	2	DARP_Driver2	10	6.381	584945	810
BB	55	11	4	2	DARP_Driver1	30	12.972	584945	920
BB	55	11	4	2	DARP_Driver2	30	6.15	584945	810
BB	60	12	6	2	DARP_Driver1	5	5.039	2577077	1452
BB	60	12	6	2	DARP_Driver2	5	5.033	2537084	1284
BB	60	12	6	2	DARP_Driver1	10	10.013	2537084	1452
BB	60	12	6	2	DARP_Driver2	10	10.045	2537084	1284
BB	60	12	6	2	DARP_Driver1	30	30.027	731160	1452
BB	60	12	6	2	DARP_Driver2	30	30.077	731160	1284
BB	65	13	6	2	DARP_Driver1	5	5.051	2525451	1566
BB	65	13	6	2	DARP_Driver2	5	5.056	1536820	1377
BB	65	13	6	2	DARP_Driver1	10	10.018	656948	1566
BB	65	13	6	2	DARP_Driver2	10	10.047	701581	1377
BB	65	13	6	2	DARP_Driver1	30	30.059	627425	1566
BB	65	13	6	2	DARP_Driver2	30	30.018	623806	1377
BB	70	14	6	2	DARP_Driver1	5	5.077	2835408	1680
BB	70	14	6	2	DARP_Driver2	5	5.063	2833616	1477
BB	70	14	6	2	DARP_Driver1	10	10.051	2745180	1680
BB	70	14	6	2	DARP_Driver2	10	10.067	978094	1477
BB	70	14	6	2	DARP_Driver1	30	30.028	766016	1680
BB	70	14	6	2	DARP_Driver2	30	30.025	766016	1477
BB	75	15	6	3	DARP_Driver1	5	5.008	2949421	1884
BB	75	15	6	3	DARP_Driver2	5	5.022	2946666	1667
BB	75	15	6	3	DARP_Driver1	10	10.097	2947370	1884
BB	75	15	6	3	DARP_Driver2	10	10.268	2946666	1667
BB	75	15	6	3	DARP_Driver1	30	30.145	2946666	1884
BB	75	15	6	3	DARP_Driver2	30	30.047	702026	1667
CC	5	1	1	1	DARP_Driver1	5	0.012	561202	32
CC	5	1	1	1	DARP_Driver2	5	0.01	561202	22
CC	5	1	1	1	DARP_Driver1	10	0.012	561202	32
CC	5	1	1	1	DARP_Driver2	10	0.009	561202	22
CC	5	1	1	1	DARP_Driver1	30	0.012	561202	32
CC	5	1	1	1	DARP_Driver2	30	0.009	561202	22
CC	10	2	1	1	DARP_Driver1	5	5.011	nfs	60
CC	10	2	1	1	DARP_Driver2	5	0.027	570631	44
CC	10	2	1	1	DARP_Driver1	10	10.001	nfs	60
CC	10	2	1	1	DARP_Driver2	10	0.025	570631	44
CC	10	2	1	1	DARP_Driver1	30	30.009	nfs	60
CC	10	2	1	1	DARP_Driver2	30	0.037	570631	44
CC	15	3	2	1	DARP_Driver1	5	0.343	561202	144
CC	15	3	2	1	DARP_Driver2	5	0.396	561202	105
CC	15	3	2	1	DARP_Driver1	10	0.33	561202	144
CC	15	3	2	1	DARP_Driver2	10	0.383	561202	105
CC	15	3	2	1	DARP_Driver1	30	0.343	561202	144
CC	15	3	2	1	DARP_Driver2	30	0.378	561202	105
CC	20	4	2	1	DARP_Driver1	5	5.019	604476	188
CC	20	4	2	1	DARP_Driver2	5	5.016	604476	146
CC	20	4	2	1	DARP_Driver1	10	10.023	604476	188
CC	20	4	2	1	DARP_Driver2	10	10.018	604476	146
CC	20	4	2	1	DARP_Driver1	30	30.012	604476	188
CC	20	4	2	1	DARP_Driver2	30	30.014	604476	146
CC	25	5	2	1	DARP_Driver1	5	3.305	623695	232
CC	25	5	2	1	DARP_Driver2	5	5.009	623695	181
CC	25	5	2	1	DARP_Driver1	10	3.591	623695	232
CC	25	5	2	1	DARP_Driver2	10	10.02	623695	181
CC	25	5	2	1	DARP_Driver1	30	3.536	623695	232
CC	25	5	2	1	DARP_Driver2	30	30.013	623695	181
CC	30	6	3	2	DARP_Driver1	5	5.005	604476	402
CC	30	6	3	2	DARP_Driver2	5	5.03	604476	342
CC	30	6	3	2	DARP_Driver1	10	10.004	604476	402
CC	30	6	3	2	DARP_Driver2	10	10.008	604476	342
CC	30	6	3	2	DARP_Driver1	30	30.006	604476	402
CC	30	6	3	2	DARP_Driver2	30	30.028	604476	342
CC	35	7	3	2	DARP_Driver1	5	5.037	613280	465
CC	35	7	3	2	DARP_Driver2	5	5.007	613280	393
CC	35	7	3	2	DARP_Driver1	10	10.023	613280	465
CC	35	7	3	2	DARP_Driver2	10	10.022	613280	393
CC	35	7	3	2	DARP_Driver1	30	30.004	613280	465
CC	35	7	3	2	DARP_Driver2	30	30.028	613280	393
CC	40	8	3	2	DARP_Driver1	5	5.013	617423	528
CC	40	8	3	2	DARP_Driver2	5	5.022	617423	452
CC	40	8	3	2	DARP_Driver1	10	10.025	617423	528
CC	40	8	3	2	DARP_Driver2	10	10.032	617423	452
CC	40	8	3	2	DARP_Driver1	30	30.026	617423	528
CC	40	8	3	2	DARP_Driver2	30	30.044	617423	452
CC	45	9	3	2	DARP_Driver1	5	5.039	632546	591
CC	45	9	3	2	DARP_Driver2	5	5.031	630321	511
CC	45	9	3	2	DARP_Driver1	10	10.03	630321	591
CC	45	9	3	2	DARP_Driver2	10	10.042	626359	511
CC	45	9	3	2	DARP_Driver1	30	30.014	626359	591
CC	45	9	3	2	DARP_Driver2	30	30.004	626359	511
CC	50	10	4	2	DARP_Driver1	5	5.018	1918063	840
CC	50	10	4	2	DARP_Driver2	5	5.027	1228597	730
CC	50	10	4	2	DARP_Driver1	10	10.014	1918063	840
CC	50	10	4	2	DARP_Driver2	10	10.044	617423	730
CC	50	10	4	2	DARP_Driver1	30	30.013	610788	840
CC	50	10	4	2	DARP_Driver2	30	30.023	610788	730
CC	55	11	4	2	DARP_Driver1	5	5.032	2014534	920
CC	55	11	4	2	DARP_Driver2	5	5.009	1117743	805
CC	55	11	4	2	DARP_Driver1	10	10.002	1528981	920
CC	55	11	4	2	DARP_Driver2	10	10.046	617423	805
CC	55	11	4	2	DARP_Driver1	30	30.193	617423	920
CC	55	11	4	2	DARP_Driver2	30	30.028	610788	805
CC	60	12	4	2	DARP_Driver1	5	5.046	829403	1000
CC	60	12	4	2	DARP_Driver2	5	5.082	654562	875
CC	60	12	4	2	DARP_Driver1	10	10.034	656719	1000
CC	60	12	4	2	DARP_Driver2	10	10.021	627924	875
CC	60	12	4	2	DARP_Driver1	30	30.021	617423	1000
CC	60	12	4	2	DARP_Driver2	30	30.035	617423	875
CC	65	13	4	2	DARP_Driver1	5	5.172	2286462	1080
CC	65	13	4	2	DARP_Driver2	5	5.065	896200	950
CC	65	13	4	2	DARP_Driver1	10	10.086	662701	1080
CC	65	13	4	2	DARP_Driver2	10	10.002	658404	950
CC	65	13	4	2	DARP_Driver1	30	30.076	649643	1080
CC	65	13	4	2	DARP_Driver2	30	30.061	651670	950
CC	70	14	5	2	DARP_Driver1	5	5.01	2346025	1418
CC	70	14	5	2	DARP_Driver2	5	5.063	1481365	1250
CC	70	14	5	2	DARP_Driver1	10	10.023	820736	1418
CC	70	14	5	2	DARP_Driver2	10	10.006	634714	1250
CC	70	14	5	2	DARP_Driver1	30	30.078	617423	1418
CC	70	14	5	2	DARP_Driver2	30	30.039	617423	1250
CC	75	15	5	3	DARP_Driver1	5	5.049	2466874	1590
CC	75	15	5	3	DARP_Driver2	5	5.099	1842799	1404
CC	75	15	5	3	DARP_Driver1	10	10.061	1406868	1590
CC	75	15	5	3	DARP_Driver2	10	10.067	670690	1404
CC	75	15	5	3	DARP_Driver1	30	30.019	646587	1590
CC	75	15	5	3	DARP_Driver2	30	30.047	625699	1404
DD	5	1	1	1	DARP_Driver1	5	0.015	624036	32
DD	5	1	1	1	DARP_Driver2	5	0.015	624036	28
DD	5	1	1	1	DARP_Driver1	10	0.016	624036	32
DD	5	1	1	1	DARP_Driver2	10	0.015	624036	28
DD	5	1	1	1	DARP_Driver1	30	0.016	624036	32
DD	5	1	1	1	DARP_Driver2	30	0.015	624036	28
DD	10	2	1	1	DARP_Driver1	5	0.022	624036	60
DD	10	2	1	1	DARP_Driver2	5	0.019	624036	52
DD	10	2	1	1	DARP_Driver1	10	0.021	624036	60
DD	10	2	1	1	DARP_Driver2	10	0.018	624036	52
DD	10	2	1	1	DARP_Driver1	30	0.021	624036	60
DD	10	2	1	1	DARP_Driver2	30	0.018	624036	52
DD	15	3	2	1	DARP_Driver1	5	0.372	624036	144
DD	15	3	2	1	DARP_Driver2	5	0.059	624036	129
DD	15	3	2	1	DARP_Driver1	10	0.368	624036	144
DD	15	3	2	1	DARP_Driver2	10	0.06	624036	129
DD	15	3	2	1	DARP_Driver1	30	0.355	624036	144
DD	15	3	2	1	DARP_Driver2	30	0.06	624036	129
DD	20	4	2	1	DARP_Driver1	5	5.003	nfs	188
DD	20	4	2	1	DARP_Driver2	5	0.548	624036	170
DD	20	4	2	1	DARP_Driver1	10	10.016	nfs	188
DD	20	4	2	1	DARP_Driver2	10	0.526	624036	170
DD	20	4	2	1	DARP_Driver1	30	30.007	nfs	188
DD	20	4	2	1	DARP_Driver2	30	0.521	624036	170
DD	25	5	2	1	DARP_Driver1	5	0.584	624036	232
DD	25	5	2	1	DARP_Driver2	5	0.566	624036	232
DD	25	5	2	1	DARP_Driver1	10	0.566	624036	232
DD	25	5	2	1	DARP_Driver2	10	0.559	624036	232
DD	25	5	2	1	DARP_Driver1	30	0.546	624036	232
DD	25	5	2	1	DARP_Driver2	30	0.556	624036	232
DD	30	6	3	2	DARP_Driver1	5	1.736	624036	402
DD	30	6	3	2	DARP_Driver2	5	1.289	624036	370
DD	30	6	3	2	DARP_Driver1	10	1.745	624036	402
DD	30	6	3	2	DARP_Driver2	10	1.309	624036	370
DD	30	6	3	2	DARP_Driver1	30	1.782	624036	402
DD	30	6	3	2	DARP_Driver2	30	1.265	624036	370
DD	35	7	3	2	DARP_Driver1	5	2.294	624036	465
DD	35	7	3	2	DARP_Driver2	5	5.013	643083	429
DD	35	7	3	2	DARP_Driver1	10	2.375	624036	465
DD	35	7	3	2	DARP_Driver2	10	5.9	624036	429
DD	35	7	3	2	DARP_Driver1	30	2.306	624036	465
DD	35	7	3	2	DARP_Driver2	30	5.672	624036	429
DD	40	8	3	2	DARP_Driver1	5	5.006	636012	528
DD	40	8	3	2	DARP_Driver2	5	5.009	647849	492
DD	40	8	3	2	DARP_Driver1	10	10.043	636012	528
DD	40	8	3	2	DARP_Driver2	10	10.009	634500	492
DD	40	8	3	2	DARP_Driver1	30	11.36	624036	528
DD	40	8	3	2	DARP_Driver2	30	22.674	624036	492
DD	45	9	3	2	DARP_Driver1	5	5.022	671071	591
DD	45	9	3	2	DARP_Driver2	5	5.047	685519	547
DD	45	9	3	2	DARP_Driver1	10	10.007	671071	591
DD	45	9	3	2	DARP_Driver2	10	10.036	685519	547
DD	45	9	3	2	DARP_Driver1	30	30.012	645865	591
DD	45	9	3	2	DARP_Driver2	30	30.005	665400	547
DD	50	10	3	2	DARP_Driver1	5	5.015	715621	654
DD	50	10	3	2	DARP_Driver2	5	5.019	727895	606
DD	50	10	3	2	DARP_Driver1	10	10.023	687672	654
DD	50	10	3	2	DARP_Driver2	10	10.016	708285	606
DD	50	10	3	2	DARP_Driver1	30	30.062	687672	654
DD	50	10	3	2	DARP_Driver2	30	30.014	706293	606
DD	55	11	3	2	DARP_Driver1	5	5.052	763550	717
DD	55	11	3	2	DARP_Driver2	5	5.058	737068	669
DD	55	11	3	2	DARP_Driver1	10	10.021	727967	717
DD	55	11	3	2	DARP_Driver2	10	10.004	723730	669
DD	55	11	3	2	DARP_Driver1	30	30.018	718774	717
DD	55	11	3	2	DARP_Driver2	30	30.031	687784	669
DD	60	12	3	2	DARP_Driver1	5	5.024	813026	780
DD	60	12	3	2	DARP_Driver2	5	5.019	1697820	728
DD	60	12	3	2	DARP_Driver1	10	10.067	785257	780
DD	60	12	3	2	DARP_Driver2	10	10.043	755369	728
DD	60	12	3	2	DARP_Driver1	30	30.043	775048	780
DD	60	12	3	2	DARP_Driver2	30	30.016	745909	728
DD	65	13	4	2	DARP_Driver1	5	5.064	2339551	1080
DD	65	13	4	2	DARP_Driver2	5	5.042	2310321	970
DD	65	13	4	2	DARP_Driver1	10	10.035	2331616	1080
DD	65	13	4	2	DARP_Driver2	10	10.038	2306698	970
DD	65	13	4	2	DARP_Driver1	30	30.097	687619	1080
DD	65	13	4	2	DARP_Driver2	30	30.036	2299640	970
DD	70	14	4	2	DARP_Driver1	5	5.052	2419392	1160
DD	70	14	4	2	DARP_Driver2	5	5.015	2416912	1045
DD	70	14	4	2	DARP_Driver1	10	10.036	2419392	1160
DD	70	14	4	2	DARP_Driver2	10	10.058	2416912	1045
DD	70	14	4	2	DARP_Driver1	30	30.06	718280	1160
DD	70	14	4	2	DARP_Driver2	30	30.034	696211	1045
DD	75	15	4	3	DARP_Driver1	5	5.064	2557080	1300
DD	75	15	4	3	DARP_Driver2	5	5.068	2047173	1180
DD	75	15	4	3	DARP_Driver1	10	10.032	783535	1300
DD	75	15	4	3	DARP_Driver2	10	10.091	778380	1180
DD	75	15	4	3	DARP_Driver1	30	30.086	734439	1300
DD	75	15	4	3	DARP_Driver2	30	30.005	709443	1180
